0 0 0 0 0 0 12 12 12 12 12 12
1, 2, 3, 4, 5, 6, 7, 8, 9, 10, 11, 12
-5, 13, 99, abc, 0, 12, -1, x123, 11, 3, 3, 3, 7
12, 12, 12, 12, 12, 12, 0, 0, 0, 1, 1, 1, 11, 11, 11, 3, 3, 3
2, 2, 2, 2, 2, 2, 2, 10, 10, 10, 10, 10, 10, 10, 2
999, -10, hello, 12, 7, 12, 4, 4, 4, 4, 4, 4, 12, 12
   0,  6,  6, 3,  9, 1,   11,  5,  7,  4,  8, 2, 10, 12, 0,  7, 5
8,4,10,2,11,1,3,    12, 12, 12,  -100,   15,  16, 0
5,  12,  9,   11,    2, 2, 2,  12,  10,  -2,  14, qwerty
1 1 1 1 11 11 11 11
12,12,12,0,0,0
3,9, 2,10, 5,7, 4,8
6,6,6,6
7,5, 8,4,10,2,11,1,3
11, 1, 11, 1, 11, 1
0,12, 6,6, 3,9, 1, 11, 5,7
1,2,3,4,5,6,7,8,9,10,11,12
0,0,0,1,1,1,2,2,2,3,3,3
4,4,4,5,5,5,6,6,6
7,7,7,8,8,8,9,9,9
10,10,10,11,11,11,12,12,12
1,3,5,7,9,11
2,4,6,8,10,12
0,2,4,6,8,10,12
1 2 3 4 5 6
7 8 9 10 11 12
0 1 1 2 2 3 3 4 4 5
12 11 10 9 8 7 6 5 4 3 2 1
0, 12, 0, 12, 0, 12, 0, 12
5,5,5,5,7,7,7,7
8,8,8,8,4,4,4,4
1,1,2,2,3,3,10,10,11,11
12, 12, 6,6,3,3,9,9
0, 0, 0, 0, 11, 11, 1,1
2, 2, 2, 2, 12, 12, 12, 12
3, 3, 3, 3, 11, 11, 11, 11
4, 4, 4, 4, 8,8,8,8
5, 5, 5, 5, 7,7,7,7
6, 6, 6, 6, 6,6,6,6
7, 7, 7, 7, 7,7,7,7
8, 8, 8, 8, 8,8,8,8
9, 9, 9, 9, 9,9,9,9
10, 10, 10, 10, 10,10,10,10
11, 11, 11, 11, 11,11,11,11
12, 12, 12, 12, 12,12,12,12
0, 1, 2, 3, 4, 5, 6, 7, 8, 9, 10, 11, 12
1 2 3 11 1 2 3 11
12,0,6,6,3,9,1,11
2 2 2 2 2 2 10 10 10
6 6 6 6 6 6 6 6

